-182 1252 0
308 -760 1
1136 -1599 2
-1009 -1046 3
1133 -114 4
-741 504 5
-766 655 6
961 262 7
983 -1420 8
190 1774 9
353 -1052 10
-1450 -1044 11
1876 -178 12
68 -1067 13
229 -1328 14
479 -1670 15
-1014 -515 16
-414 89 17
1489 -1242 18
1653 1120 19
701 -859 20
-865 -21 21
1514 -790 22
1640 -452 23
-155 -128 24
1716 -683 25
595 -255 26
-1403 1102 27
-344 -877 28
-246 -858 29
-1191 -742 30
1374 926 31
1310 1042 32
-1555 571 33
-135 -388 34
1085 933 35
-115 -458 36
-471 -1003 37
379 -1380 38
-235 1810 39
-542 634 40
-1063 -459 41
1264 -1303 42
-1051 -1624 43
1546 884 44
-502 -1849 45
-49 1745 46
725 -98 47
223 -1749 48
1080 -823 49
-227 122 50
-204 1943 51
-603 1844 52
1185 451 53
1787 791 54
1287 1198 55
349 -1640 56
-808 -899 57
-1239 1196 58
-818 949 59
-346 -1277 60
-983 -1075 61
822 1593 62
-172 1934 63
352 -1844 64
316 1739 65
49 549 66
1027 -309 67
-742 1237 68
1263 1115 69
-1920 -173 70
-454 -1171 71
502 685 72
-722 -1691 73
-1093 156 74
-962 617 75
674 -237 76
303 658 77
-1145 -530 78
-680 840 79
-322 393 80
-1847 -645 81
863 -1390 82
451 1340 83
-144 1831 84
-1558 -651 85
-286 1901 86
-714 1111 87
-1164 -291 88
-102 -1633 89
-925 -1612 90
417 -498 91
335 -926 92
1599 -856 93
327 -1876 94
552 -1486 95
-1122 -529 96
38 777 97
549 544 98
-155 643 99
