-595 -458 0
599 -772 1
59 -962 2
215 703 3
739 -197 4
-349 -168 5
534 -766 6
-910 159 7
483 152 8
-723 -242 9
-484 -507 10
-740 -171 11
-494 -567 12
481 837 13
106 -379 14
-288 -855 15
159 -215 16
-986 -21 17
49 -405 18
-199 -756 19
303 -390 20
581 237 21
-142 798 22
-912 200 23
-311 194 24
-151 -318 25
-157 -328 26
-146 257 27
329 510 28
-299 -601 29
-713 -76 30
-731 -556 31
-272 302 32
-559 743 33
294 290 34
624 -53 35
914 276 36
186 318 37
-4 962 38
-49 -80 39
687 -709 40
368 458 41
60 692 42
284 -602 43
287 599 44
-802 94 45
-3 -253 46
417 795 47
-235 -701 48
-407 629 49
