-921 83 0
310 556 1
882 419 2
823 474 3
366 499 4
-430 496 5
-670 239 6
-900 -429 7
618 21 8
618 -274 9
-509 -118 10
-307 423 11
-421 203 12
488 164 13
406 -193 14
-337 -127 15
-59 579 16
795 551 17
492 -362 18
232 710 19
277 -534 20
447 608 21
588 752 22
304 882 23
458 -207 24
-12 41 25
457 -128 26
165 -966 27
54 427 28
-27 844 29
-133 -742 30
-250 175 31
480 -323 32
525 748 33
-545 133 34
703 545 35
2 160 36
-471 17 37
227 -261 38
-461 80 39
525 563 40
-601 -614 41
-85 222 42
-213 57 43
384 -843 44
710 -289 45
-435 -647 46
-265 335 47
-844 30 48
283 -187 49
